     Tableau récapitulatif des honoraires d'audit 2013 des sociétés du CAC 40                                                                                                                                  ANNEXE 1


         Société                            Commissaire A                                 Commissaire B                               Commissaire C                      Total 2013                              Variation 2012/2013              Total 2012
                           Cabinet     Audit  Audit  Autres  Autres  Cabinet        Audit  Audit  Autres  Autres  Cabinet          Audit   Audit  Autres  Autres                                autres/t
                                                                                                                                                                  Audit Autres        Total                Audit     Autres     Total     Audit     Autres     Total
                            2013       2013    2012     2013     2012     2013      2013     2012      2013    2012    2013        2013    2012     2013   2012                                  otal %
ACCOR                      E&Y             3,8     4,3       0,3     0,1 Deloitte       4,3      5,8       0,1     0,1                                                8,1       0,4       8,5     4,71%    ‐19,80%   100,00%   ‐17,48%        10,1       0,2   10,3
AIR LIQUIDE                E&Y          6,166 6,611       1,197   1,496 Mazars       4,819    4,855     0,146   0,076                                             10,985     1,343    12,328     10,89%     ‐4,20%   ‐14,57%    ‐5,45%     11,466     1,572 13,038
AIRBUS GROUP*              KPMG         7,397 9,505       0,777   1,003    E&Y       8,054    8,994     0,566   0,519                                             15,451     1,343    16,794      8,00%    ‐16,48%   ‐11,76%   ‐16,12%     18,499     1,522 20,021
ALCATEL‐LUCENT             Deloitte    11,144 8,123       0,426   0,118 E&Y          9,568    8,078     0,276   0,189                                             20,712     0,702    21,414      3,28%     27,84%   128,66%    29,72%     16,201     0,307 16,508
ALSTOM                     PWC           12,7    14,2        0,3     0,3 Mazars         7,8      7,4       0,2     0,1                                              20,5        0,5       21      2,38%     ‐5,09%    25,00%    ‐4,55%        21,6       0,4     22
ARCELOR MITTAL*            Deloitte     20,98 24,79        0,87    0,98                                                                                            20,98      0,87     21,85      3,98%    ‐15,37%   ‐11,22%   ‐15,21%       24,79      0,98  25,77
AXA                        PWC         33,539 38,649      5,191   4,581 Mazars      12,637    10,541     0,068     0,042                                          46,176     5,259    51,435     10,22%     ‐6,13%    13,76%    ‐4,42%       49,19    4,623 53,813
BNP PARIBAS                Deloitte    12,958 13,516      2,352   2,615 PWC         17,263    16,234     1,713      1,26 Mazars    10,005   9,252 0,165 0,077 40,226          4,23    44,456      9,52%      3,14%     7,03%     3,50%     39,002     3,952 42,954
BOUYGUES                   Mazars       6,824 6,884       0,014   0,098    E&Y       4,634     5,061      0,07          0                                         11,458     0,084    11,542      0,73%     ‐4,08%   ‐14,29%    ‐4,16%     11,945     0,098 12,043
CAP GEMINI                 KPMG         3,413    2,98     0,883   1,186 PWC          3,109     3,466     1,409     1,489                                           6,522     2,292     8,814     26,00%      1,18%   ‐14,32%    ‐3,37%       6,446    2,675   9,121
CARREFOUR                  Deloitte     2,276 2,667       0,701   0,305 KPMG         9,126     9,764      0,47     0,189 Mazars     2,531   2,912 0,096 0,003 13,933         1,267      15,2      8,34%     ‐9,19%   154,93%    ‐4,04%     15,343     0,497   15,84
CREDIT AGRICOLE            E&Y         20,532 19,097      1,078   1,965 PWC         17,035    19,737      1,69      2,18                                          37,567     2,768    40,335      6,86%     ‐3,26%   ‐33,22%    ‐6,15%     38,834     4,145 42,979
DANONE                     PWC             5,7     6,7       0,4     0,4   E&Y          5,9       4,8       0,3       0,2                                           11,6        0,7     12,3      5,69%      0,87%    16,67%     1,65%        11,5       0,6   12,1
EDF                        Deloitte    10,824 11,194      2,772   3,031 KPMG        11,583    10,682     0,567     1,334                                          22,407     3,339    25,746     12,97%      2,43%   ‐23,51%    ‐1,89%     21,876     4,365 26,241
ESSILOR                    PWC          4,298 3,199       0,128   0,075 Mazars       2,775     2,633     0,081     0,041                                           7,073     0,209     7,282      2,87%     21,28%    80,17%    22,43%       5,832    0,116   5,948
GDF SUEZ                   E&Y           10,6    18,1        0,8     1,3 Deloitte     17,3      18,2        1,2       1,1 Mazars       4,3     8,1       0    0,1   32,2          2     34,2      5,85%    ‐27,48%   ‐20,00%   ‐27,08%        44,4       2,5   46,9
GEMALTO *                  PWC          3,202 3,134       0,187   0,022                                                                                            3,202     0,187     3,389      5,52%      2,17%   750,00%     7,38%       3,134    0,022   3,156
KERING                     KPMG         4,774 4,085       0,673    0,44 Deloitte     3,419     7,289     0,565     0,841                                           8,193     1,238     9,431     13,13%    ‐27,97%    ‐3,36%   ‐25,48%     11,374     1,281 12,655
LAFARGE                    Deloitte        6,7     7,4       0,1     0,1   E&Y          6,5       6,7       0,2       0,2                                           13,2        0,3     13,5      2,22%     ‐6,38%     0,00%    ‐6,25%        14,1       0,3   14,4
LEGRAND                    PWC          2,809 1,689       0,506    0,38 Deloitte     1,981     2,381     0,068     0,059                                            4,79     0,574     5,364     10,70%     17,69%    30,75%    18,96%        4,07    0,439   4,509
L'OREAL                    PWC             7,6     8,5       1,1     0,5 Deloitte       7,4       7,7       0,4       0,4                                             15        1,5     16,5      9,09%     ‐7,41%    66,67%    ‐3,51%        16,2       0,9   17,1
LVMH                       E&Y         13,553 10,906      3,608   3,613 Deloitte     6,122     5,551     0,288     0,475                                          19,675     3,896    23,571     16,53%     19,55%    ‐4,70%    14,73%     16,457     4,088 20,545
MICHELIN                   PWC          3,654 3,981       0,317   0,339 Deloitte     2,812     2,815     0,308     0,279                                           6,466     0,625     7,091      8,81%     ‐4,86%     1,13%    ‐4,36%       6,796    0,618   7,414
ORANGE                     Deloitte      13,5      15        0,1     0,1   E&Y        15,4      17,6        0,1         0                                           28,9        0,2     29,1      0,69%    ‐11,35%   100,00%   ‐11,01%        32,6       0,1   32,7
PERNOD RICARD              Mazars       3,735 3,581            0   0,16 Deloitte     4,011     4,039     0,108     0,111                                           7,746     0,108     7,854      1,38%      1,65%   ‐60,15%    ‐0,47%        7,62    0,271   7,891
PUBLICIS                   E&Y             6,6     6,7       1,1     0,3 Mazars         3,4       4,4         1         0                                             10        2,1     12,1     17,36%     ‐9,91%   600,00%     6,14%        11,1       0,3   11,4
RENAULT                    E&Y          7,194 5,691       0,063   0,083 Deloitte     7,084     7,385     0,235     0,125                                          14,278     0,298    14,576      2,04%      9,19%    43,27%     9,73%     13,076     0,208 13,284
SAFRAN                     E&Y           4,33    3,96          0       0 Mazars         4,4     4,23          0         0                                           8,73          0     8,73      0,00%      6,59%       N/A     6,59%        8,19         0   8,19
SAINT GOBAIN               PWC             11    12,2        0,4     0,2 KPMG         10,7      10,8        0,2         0                                           21,7        0,6     22,3      2,69%     ‐5,65%   200,00%    ‐3,88%          23       0,2   23,2
SANOFI                     PWC           15,3    16,8        0,2     0,1   E&Y        16,9      15,9          0       0,1                                           32,2        0,2     32,4      0,62%     ‐1,53%     0,00%    ‐1,52%        32,7       0,2   32,9
SCHNEIDER                  Mazars       8,611 7,736       0,032        0   E&Y        10,8    11,192     0,363     0,233                                          19,411     0,395    19,806      1,99%      2,55%    69,53%     3,37%     18,928     0,233 19,161
SOCIETE GENERALE           E&Y         16,358 18,389      0,038   0,165 Deloitte    17,655     17,59     0,009     0,007                                          34,013     0,047     34,06      0,14%     ‐5,46%   ‐72,67%    ‐5,78%     35,979     0,172 36,151
SOLVAY*                    Deloitte     1,146 1,146            0       0                                                                                           1,146          0    1,146      0,00%      0,00%       N/A     0,00%       1,146         0  1,146
TECHNIP                    E&Y          3,491 3,466       1,359    0,89 PWC          3,744     2,744     0,137     0,095                                           7,235     1,496     8,731     17,13%     16,51%    51,88%    21,35%        6,21    0,985   7,195
TOTAL                      KPMG          19,9    18,1        2,2     1,8   E&Y        19,7      20,1        2,7       2,2                                           39,6        4,9     44,5     11,01%      3,66%    22,50%     5,45%        38,2         4   42,2
UNIBAIL RODAMCO            E&Y             1,7       2         0       0 Deloitte       1,2       1,2         0         0                                             2,9         0       2,9     0,00%     ‐9,38%       N/A    ‐9,38%          3,2        0     3,2
VALLOUREC                  KPMG         1,145 1,081            0       0 Deloitte       1,7    1,649          0         0                                          2,845          0    2,845      0,00%      4,21%       N/A     4,21%        2,73         0   2,73
VEOLIA                     KPMG          12,9      15          0       0   E&Y        12,3      13,3          0         0                                           25,2          0     25,2      0,00%    ‐10,95%       N/A   ‐10,95%        28,3         0   28,3
VINCI                      Deloitte        8,9     8,9       0,3     0,2 KPMG           9,7       8,8       0,1       0,2                                           18,6        0,4       19      2,11%      5,08%     0,00%     4,97%        17,7       0,4   18,1
VIVENDI                    E&Y             6,6     6,5       0,4       1 KPMG             6       8,1         1       1,6                                           12,6        1,4       14     10,00%    ‐13,70%   ‐46,15%   ‐18,60%        14,6       2,6   17,2
Total                                  357,85 376,460 30,872 29,945                 308,83    317,71    16,637    15,744           16,836 20,264 0,261       0,18 683,52     47,77    731,29      6,39%     ‐4,33%     4,14%    ‐3,82%    714,434    45,869 760,303
Total global CAC A+B+C                 683,52 714,43      47,77   45,87                                                                                           17,088 1,1943       18,282                                             17,86085 1,146725 19,0076
                                                                                                                                                                            6,53%                                                                     6,03%

* Sociétés étrangères (Arcelor Mittal, Gemalto & Solvay n'ont qu'un seul CAC)
ArcelorMittal chiffres en US$ ( 1€ = 1,38688 US$ pour 2013 & 1€ = 1,2996 US$ pour 2012)
